Training      Correct		Percentage
------------------------------------------
1000          191               53.2033 %
2000          186               51.8106 %
3000          194               54.039  %
4000          179               49.8607 %
5000          204               56.8245 %
6000          210               58.4958 %
7000          182               50.6964 %
8000          196               54.5961 %
9000          197               54.8747 %
10000         196               54.5961 %
11000         192               53.4819 %
12000         183               50.9749 %
13000         191               53.2033 %
14000         202               56.2674 %
15000         198               55.1532 %
16000         197               54.8747 %
17000         199               55.4318 %
18000         200               55.7103 %
19000         199               55.4318 %
20000         180               50.1393 %
